10 11
10 12
10 15
10 17
12 19
18 22
20 24
29 26
40 30
52 32
64 37
78 40
90 44
103 46
115 49
124 56
134 59
143 61
147 61
152 64
155 65
160 66
160 67
160 68
160 69
160 71
160 72
160 73
160 74
160 76
160 81
160 83
159 84
158 86
155 88
153 90
150 92
144 94
141 96
138 96
135 97
133 97
128 99
125 99
119 100
117 100
113 100
110 100
105 100
101 100
99 100
95 100
93 100
91 99
89 98
88 96
87 94
86 92
85 89
83 85
81 80
78 76
78 73
78 70
78 66
78 64
78 61
78 57
78 55
78 50
80 46
84 40
85 38
88 35
91 33
98 30
102 28
110 25
117 25
125 25
133 25
137 25
141 25
142 25
144 25
145 25
146 25
146 27
145 28
143 30
141 31
139 32
137 34
134 34
133 34
130 34
128 37
126 37
121 37
118 37
113 37
110 37
105 37
98 37
92 37
89 37
86 37
81 37
78 37
76 37
75 37
74 37
72 37
71 37
72 37
74 37
80 39
83 39
86 39
89 40
92 42
96 44
100 47
102 48
105 51
106 53
108 56
109 60
110 70
116 86
120 102
124 113
126 121
128 133
130 141
130 148
130 151
130 153
130 157
130 159
130 162
127 164
126 166
124 167
123 169
122 170
120 171
119 173
117 174
116 174
116 172
116 171
116 170
116 165
116 163
116 162
116 161
116 155
115 154
114 151
114 149
113 146
110 141
109 140
109 137
107 136
107 134
106 133
106 130
106 127
106 122
106 119
106 118
104 116
104 115
103 112
103 108
103 103
101 102
101 101
101 99
101 96
101 93
101 92
101 90
101 89
101 88
101 87
101 86
101 87
101 89
101 90
100 92
100 93
99 93
99 94
98 94
98 95
96 98
92 106
91 108
89 111
88 111
87 113
95 113
105 113
116 113
125 113
135 113
143 113
148 113
151 113
154 113
155 113
157 113
156 116
154 117
153 119
152 119
150 120
149 121
148 121
146 122
145 122
143 123
142 124
140 124
137 124
135 125
132 125
129 127
125 127
121 129
116 129
114 130
111 130
108 130
105 130
104 130
102 132
99 132
98 132
94 133
87 133
82 133
79 133
72 133
66 133
61 133
58 133
55 133
52 133
50 133
49 133
48 133
51 134
62 134
70 134
80 134
91 134
101 134
110 134
118 134
124 134
127 135
127 137
127 138
127 140
127 141
126 141
125 142
122 144
120 146
119 147
116 147
115 147
109 147
106 149
103 149
98 150
95 152
89 152
83 154
82 154
79 156
75 156
70 157
64 159
58 160
55 161
51 163
47 163
39 165
36 165
32 165
26 165
22 165
19 166
13 168
7 170
5 170
3 170
0 170
-1 170
0 168
1 167
3 166
6 162
8 162
12 160
14 157
17 156
23 152
25 152
28 150
35 146
39 146
45 142
52 140
57 138
62 138
66 136
70 136
72 135
76 133
84 129
90 125
98 121
103 117
109 116
111 114
112 114
113 113
115 111
117 110
119 110
119 109
121 108
121 107
122 107
119 106
113 107
105 109
94 111
84 111
76 111
70 111
62 111
59 111
56 111
55 111
54 111
52 111
52 110
52 109
52 108
52 107
52 104
52 102
52 95
52 94
54 88
59 86
60 84
68 80
79 74
88 70
97 66
107 65
111 62
118 61
120 61
126 59
129 55
110 55
85 55
56 50
46 49
34 49
24 47
17 44
14 43
12 43
12 42
12 40
12 37
12 35
17 33
21 30
28 27
36 27
50 27
61 22
74 22
87 20
104 20
117 20
126 20
133 21
134 21
138 21
145 23
152 23
161 25
167 25
170 27
181 29
186 29
190 31
193 32
196 32
197 33
197 34
198 34
198 36
199 38
199 40
199 41
199 42
199 43
199 45
201 48
199 48
196 49
196 50
190 52
185 55
181 58
175 59
169 62
163 66
155 68
152 69
145 72
137 76
134 77
124 80
120 83
114 85
107 88
102 91
96 93
90 97
87 99
84 100
83 101
79 105
78 106
76 107
72 110
70 113
69 113
69 114
68 114
68 115
68 118
66 119
66 120
66 121
66 122
65 124
64 127
64 128
64 131
64 132
64 133
64 136
64 138
64 139
64 140
64 142
65 144
68 146
68 148
71 148
72 149
75 150
75 152
81 156
87 158
98 162
106 164
114 169
124 173
134 175
142 177
153 182
154 182
166 186
175 188
180 190
184 191
186 194
191 196
194 198
195 200
197 200
198 201
199 201
200 202
201 202
202 203
203 203
204 204
204 205
204 206
204 207
204 209
205 210
205 212
205 213
205 214
204 216
202 220
199 220
198 220
192 220
185 220
177 220
172 220
166 220
164 220
162 219
160 219
159 218
159 217
159 215
159 212
159 209
150 203
139 198
129 194
116 184
99 178
89 172
79 168
73 163
67 161
63 155
62 153
62 152
61 151
61 150
61 148
59 147
58 145
57 142
55 140
54 139
52 137
51 136
50 134
47 132
46 131
46 129
46 128
44 127
44 125
44 124
44 123
44 122
44 120
44 119
44 116
44 113
44 110
49 105
55 99
62 95
71 91
79 87
90 82
101 80
103 80
113 78
123 76
127 74
132 73
135 73
138 71
139 71
141 70
142 70
143 68
141 68
132 68
124 66
114 66
102 64
94 60
74 54
67 52
48 50
42 46
30 46
25 44
22 44
20 44
